99
77
64
21
55
87
21
36
49
33
98
44
52
41
59
32
68
67
95
82
82
44
29
53
79
11
13
79
96
51
21
85
35
41
75
14
48
88
39
61
55
48
33
11
48
44
31
33
33
39
94
26
42
24
86
64
94
75
78
69
83
31
35
14
57
11
61
53
66
33
82
55
88
97
78
46
75
25
23
34
89
11
26
99
13
43
27
88
73
44
43
66
39
22
26
55
43
55
23
44
44
12
33
43
44
44
98
89
56
96
66
61
98
65
76
71
49
75
99
54
33
47
41
34
88
84
88
62
11
98
74
68
97
92
55
59
96
38
44
71
95
66
14
99
33
76
83
56
55
55
41
82
51
11
55
39
41
32
44
99
81
48
66
36
43
91
44
44
44
19
55
71
77
59
99
34
71
48
22
55
67
33
22
38
77
77
27
68
29
51
14
52
23
66
28
21
34
88
22
71
98
34
22
67
97
32
68
77
11
96
56
96
99
46
87
81
25
84
55
77
99
67
36
33
88
22
74
31
69
55
29
66
26
61
88
99
39
67
92
55
41
63
22
55
42
99
66
77
19
11
91
45
88
55
16
33
33
96
95
47
43
91
45
51
23
74
24
96
88
13
98
55
35
18
96
73
99
66
74
11
56
49
88
66
64
12
94
54
13
77
64
88
46
77
88
22
66
69
73
68
22
43
49
33
27
74
77
55
99
99
48
21
25
33
85
64
77
98
55
99
54
11
31
13
62
11
38
11
96
28
77
97
11
58
55
44
68
88
69
77
43
83
44
26
99
83
21
57
41
88
69
32
66
24
77
77
64
44
87
44
77
26
44
11
55
44
61
63
61
32
99
98
22
15
88
91
44
92
79
42
44
89
85
31
99
55
55
11
99
53
77
54
29
42
92
72
73
75
59
37
89
73
99
11
17
91
39
92
22
33
89
33
44
71
22
47
81
45
17
13
66
88
33
44
94
66
77
77
55
43
53
85
43
99
99
66
28
89
49
67
22
51
11
26
55
18
74
56
22
97
93
15
66
88
47
84
74
93
72
36
24
48
54
22
69
66
35
89
11
96
71
11
64
66
45
12
46
75
88
14
42
95
26
44
87
57
77
46
99
66
44
85
55
44
65
62
22
93
67
44
58
87
85
55
78
47
11
62
55
65
44
77
44
15
45
33
22
24
11
52
24
52
13
54
88
82
14
23
55
22
81
33
48
22
77
49
28
59
52
88
34
94
79
93
95
57
26
88
13
45
72
22
64
98
24
78
86
75
75
55
11
77
22
21
55
22
61
97
19
75
33
22
19
77
65
33
38
11
76
44
37
38
88
88
33
42
34
36
78
76
94
73
77
15
85
99
81
66
11
66
33
93
22
11
22
61
14
55
33
26
68
49
66
77
27
89
91
37
65
26
89
22
26
44
84
62
61
77
55
66
41
73
22
49
42
66
77
64
67
83
69
19
85
14
21
44
96
24
22
91
49
11
66
47
78
91
44
16
43
73
68
22
88
28
88
22
93
44
18
72
24
77
38
62
69
86
94
25
22
44
94
33
28
24
44
99
96
83
99
11
11
33
44
94
19
33
11
95
55
33
76
59
95
22
99
32
55
37
43
55
75
16
78
86
62
23
23
22
73
77
39
71
82
98
85
14
22
93
55
51
33
58
12
33
88
99
72
81
53
31
55
92
99
55
77
33
77
37
11
55
66
44
37
77
93
33
59
39
73
81
81
33
85
38
21
14
77
74
98
54
93
93
55
86
96
77
26
87
84
21
99
82
37
22
83
44
99
77
65
64
66
68
77
44
18
99
76
82
34
33
23
28
22
56
44
73
85
82
66
47
92
11
99
55
33
44
21
11
75
11
19
36
88
12
13
62
36
56
17
11
99
66
88
98
94
99
22
66
99
51
66
33
34
12
53
66
14
88
28
55
77
19
97
88
63
93
76
74
11
43
77
76
27
36
41
36
46
99
22
11
22
44
38
72
11
99
31
66
92
66
77
46
47
35
74
33
37
43
97
89
96
82
33
99
33
93
46
82
89
17
65
77
43
73
33
44
33
95
81
77
66
36
78
55
74
96
74
39
88
76
81
33
36
64
77
77
12
25
43
26
22
77
44
99
63
97
99
59
55
24
82
99
41
77
84
88
22
47
57
44
55
18
99
46
14
27
58
56
88
67
75
44
24
84
15
69
19
22
88
71
22
65
33
98
26
67
83
44
76
98
22
99
43
13
52
15
52
75
27
29
49
16
33
73
96
64
97
17
37
41